-1.57 30.04
-6.48 39.17
14.4 -17.26
4.22 18.35
-17.5 31.03
12.0 8.3
24.05 32.53
5.19 -4.02
11.51 -15.35
-18.55 47.31
35.48 -5.45
13.28 -16.39
31.38 -8.0
12.07 15.03
11.51 13.1
-4.16 15.17
-23.21 43.4
-8.48 13.14
28.06 -15.24
-26.15 28.0
32.38 -16.54
12.39 -8.0
-37.15 -12.3
-12.49 28.13
34.02 -6.51
6.27 7.27
6.18 -10.47
0.3 25.12
-15.25 28.17
12.22 -1.31
-20.09 28.36
2.01 45.2
-4.18 15.18
13.31 2.07
30.03 31.15
31.16 32.18
-15.57 -5.42
15.2 38.53
3.52 11.31
14.55 -23.31
0.2 6.44
9.0 38.5
6.27 3.24
-26.38 15.1
11.36 43.09
36.47 3.03
-3.23 29.22
16.46 -3.01
-29.55 30.56
-1.17 36.49
35.43 -0.43
0.04 18.16
5.33 -0.13
13.38 25.21
-25.58 32.35
19.37 37.14
6.41 -1.35
-33.0 27.55
33.39 -7.35
22.56 5.3
3.45 8.47
-33.55 18.22
-24.45 25.55
34.05 -4.57
-22.59 14.31
-4.03 39.4
-20.1 57.3
32.54 13.11
36.22 6.37
15.36 32.32
-19.49 34.52
8.3 -13.15
36.48 10.11
-15.47 35.0
-6.1 39.11
29.58 32.33
18.06 -15.57
13.11 30.13
34.44 10.46
-4.38 55.27
-11.4 27.28
0.19 32.25
31.12 29.54
10.23 -9.18
6.08 1.13
-12.16 49.17
-29.12 26.07
-12.44 15.47
-22.34 17.06
9.31 -13.43
6.29 2.37
0.23 9.27
-5.54 22.25
32.07 20.04
-33.58 25.4
-25.45 28.1