88 186
88 164
88 106
88 322
88 303
88 336
88 126
88 242
88 236
88 130
88 178
272 346
272 304
272 285
272 297
272 277
272 281
272 320
272 280
272 329
272 291
164 285
165 169
165 200
165 334
165 342
165 188
162 343
162 326
162 312
162 333
249 302
249 315
249 254
249 266
249 304
249 346
249 299
249 330
238 265
238 239
238 342
238 261
238 324
238 271
238 313
238 325
238 252
239 252
239 276
239 323
239 325
239 322
239 313
239 295
239 261
239 277
239 338
239 344
239 280
239 272
239 271
239 304
239 285
239 303
239 265
236 297
236 271
236 280
236 257
236 303
236 272
236 304
236 276
236 322
236 315
236 314
236 252
236 318
236 248
82 271
82 169
82 231
82 331
82 158
82 118
82 148
82 170
82 314
82 199
82 261
82 121
82 172
82 313
82 325
82 98
82 119
82 123
82 238
82 252
82 211
82 222
82 84
82 318
82 203
82 268
83 84
83 237
84 236
84 224
84 237
84 265
84 304
84 276
84 313
168 304
168 347
168 291
168 277
168 339
231 315
231 232
231 332
231 280
231 291
231 329
231 239
305 312
312 326
312 343
315 345
315 322
315 323
315 324
315 329
315 339
65 314
65 261
65 82
65 118
65 297
65 252
65 203
65 339
206 260
314 342
274 341
274 323
4 306
4 152
4 195
4 275
4 218
4 328
4 273
4 78
4 181
161 308
161 252
161 339
161 258
161 271
161 277
161 199
161 322
161 314
161 304
161 213
161 203
161 325
80 187
80 320
80 266
80 194
80 300
80 92
80 299
80 346
80 249
80 213
80 173
80 94
80 242
80 315
80 204
80 101
80 180
80 88
80 330
229 334
81 269
81 286
86 278
86 225
86 175
86 177
86 227
234 239
153 280
152 275
152 339
152 181
151 310
151 312
150 163
150 329
150 189
150 171
150 324
150 217
156 295
156 188
156 258
156 235
156 272
102 296
102 263
102 227
102 175
154 219
203 332
203 313
203 211
203 297
203 331
203 268
203 308
203 325
203 261
203 285
203 342
203 334
203 265
203 272
203 238
203 239
203 315
203 223
203 322
203 304
203 324
203 277
203 271
203 341
203 338
203 270
232 285
232 298
232 276
232 280
232 239
232 322
232 291
232 271
158 315
158 339
158 304
158 242
158 325
158 248
158 332
158 317
158 322
158 291
158 168
158 232
204 213
204 249
204 266
204 329
204 242
204 346
204 254
204 277
204 330
204 302
281 284
281 320
281 309
280 332
280 304
280 290
280 315
280 291
280 322
280 329
280 323
280 297
230 307
230 253
285 323
285 315
285 313
285 303
285 304
285 342
285 345
285 322
285 332
284 329
284 320
284 309
169 271
169 334
169 318
169 236
169 315
169 185
169 332
169 277
169 257
169 239
169 291
169 280
169 248
169 322
169 252
288 315
145 179
163 173
163 249
29 338
29 118
29 252
29 231
29 40
29 172
29 203
29 106
29 82
29 247
29 211
201 259
38 141
38 248
38 117
38 178
38 322
38 339
38 332
8 245
8 91
8 264
8 259
8 201
8 193
8 110
31 277
31 237
31 51
31 291
31 168
31 339
31 308
31 200
31 129
31 338
31 83
31 109
31 252
31 142
31 280
31 67
31 122
31 304
31 84
30 303
30 56
30 48
30 322
30 200
30 73
30 236
30 329
30 331
30 271
30 213
30 188
30 224
30 304
30 178
33 42
32 167
32 310
32 137
32 337
32 93
35 143
34 173
36 251
36 309
36 320
36 197
36 135
36 184
36 108
36 284
36 281
36 127
188 285
188 304
188 315
188 323
188 291
188 239
188 342
188 277
188 290
188 252
188 274
188 224
188 297
188 271
188 272
188 258
188 322
188 200
188 341
188 334
188 280
188 223
188 208
189 217
180 187
180 242
180 194
180 196
180 266
180 204
180 254
180 346
180 249
180 302
180 299
181 275
181 195
181 328
181 273
181 218
181 306
309 320
184 329
184 346
184 281
184 320
184 284
184 309
184 197
184 251
184 272
185 271
185 344
185 290
185 315
185 274
185 322
185 280
185 297
185 200
185 285
185 188
185 272
186 341
186 199
186 345
186 203
186 285
186 200
186 236
186 221
186 239
186 322
186 188
186 323
186 213
186 222
186 277
186 252
186 303
186 325
186 272
186 223
186 331
186 271
187 302
187 346
187 254
187 194
187 249
187 242
187 299
187 266
258 295
258 272
258 323
258 291
101 299
101 187
101 194
101 266
101 302
101 330
101 204
101 249
101 346
101 254
101 317
101 180
101 242
9 252
9 203
9 322
9 323
9 276
9 176
9 258
9 304
9 67
9 105
9 128
9 334
9 85
9 199
9 280
9 119
9 156
9 66
9 170
9 342
9 113
9 79
9 26
9 72
9 134
9 142
9 277
9 224
9 56
9 148
9 329
9 169
9 315
9 186
9 141
9 75
9 30
9 272
9 161
9 297
9 133
9 185
9 200
9 21
9 285
9 291
9 122
9 295
9 232
9 25
9 341
9 69
9 271
9 231
9 188
98 271
98 172
98 223
98 331
98 285
98 148
98 203
98 104
98 122
98 113
98 261
98 325
98 280
98 128
98 272
98 141
98 315
98 265
98 252
98 170
98 186
98 119
98 118
98 258
98 291
98 342
98 238
98 199
98 313
98 123
98 276
98 211
98 103
98 200
98 304
98 239
98 109
98 277
98 332
104 303
104 322
104 318
104 123
104 186
104 200
104 188
104 169
104 325
104 203
104 113
104 122
104 142
104 128
104 344
104 109
104 271
104 212
104 277
104 239
104 332
104 295
104 252
105 277
105 272
105 257
105 236
105 280
105 119
105 148
105 315
339 340
339 347
2 20
2 333
2 226
2 312
2 149
2 115
2 116
2 326
2 343
108 197
108 284
108 320
108 281
108 184
108 159
108 272
108 127
108 251
109 118
109 119
109 200
109 186
109 324
109 158
109 331
109 322
109 252
109 203
109 303
109 142
109 229
109 285
109 169
109 295
109 271
109 314
109 304
109 122
109 148
109 332
109 277
109 239
109 297
109 323
109 325
252 332
252 291
252 338
252 325
252 322
252 265
252 315
252 308
252 272
252 285
252 271
252 345
252 261
252 324
252 280
252 277
252 297
252 304
252 334
252 313
252 342
334 339
254 302
254 330
254 346
254 299
254 266
5 122
5 180
5 204
5 187
5 315
5 87
5 316
5 213
5 158
5 235
5 169
5 156
330 346
39 141
39 121
39 105
39 165
39 161
39 200
39 69
39 277
39 313
39 280
39 119
39 257
85 176
85 156
85 323
85 188
85 322
85 271
85 170
85 274
85 258
85 272
6 89
6 147
6 219
6 319
6 95
99 296
99 102
99 278
99 263
99 131
99 227
99 177
99 143
99 175
99 225
269 329
167 337
167 243
167 310
28 312
28 310
28 144
28 151
28 326
28 226
28 140
28 115
28 41
28 116
28 149
92 346
92 242
92 194
92 180
92 94
92 187
92 204
92 196
92 266
92 299
92 254
92 330
92 302
92 101
92 249
26 277
26 252
26 199
26 265
26 203
26 308
26 232
26 122
26 334
26 271
26 176
26 55
26 304
26 40
26 69
26 315
26 298
26 276
26 161
26 128
26 118
26 98
26 236
26 188
26 79
26 291
26 141
26 200
26 123
26 332
26 158
26 62
26 297
26 170
26 239
26 133
26 185
26 313
26 257
26 280
26 119
26 172
26 285
26 223
26 295
26 134
26 109
26 72
26 169
26 67
26 113
26 224
26 325
26 322
26 104
26 186
26 323
26 142
26 66
26 56
26 248
26 212
27 54
27 119
27 324
27 329
24 346
24 302
24 53
24 187
24 266
24 180
24 194
24 101
24 299
24 94
24 242
24 92
24 80
24 57
24 249
25 94
25 323
25 186
25 290
25 276
25 169
25 232
25 158
25 176
25 231
25 76
25 119
25 104
25 148
25 252
25 72
25 141
25 297
25 199
25 280
25 291
25 277
25 200
25 88
25 272
25 51
25 283
25 188
25 84
25 40
25 336
25 285
25 39
25 31
25 271
25 105
25 224
25 56
25 122
25 331
25 239
25 270
25 69
25 185
25 67
25 103
25 221
25 236
25 288
25 325
25 98
25 257
25 203
25 113
25 73
25 130
25 237
25 26
25 79
25 322
25 83
25 170
25 65
25 246
25 332
22 339
22 277
22 87
22 168
22 324
22 185
22 308
22 347
22 158
23 116
23 227
23 61
23 175
23 245
23 190
23 83
23 99
23 51
23 240
23 230
23 237
23 155
23 124
23 144
23 267
20 333
20 44
20 115
20 226
20 41
20 312
20 162
20 149
20 326
20 111
20 214
20 343
21 274
21 212
21 134
21 55
21 56
21 169
21 170
21 223
21 342
21 184
21 332
21 142
21 239
21 203
21 105
21 277
21 119
21 88
21 136
21 308
21 235
21 121
21 236
21 271
21 281
21 272
21 165
21 188
21 280
21 334
21 26
21 197
21 40
21 159
21 104
21 98
21 251
21 122
21 322
21 323
21 31
21 123
21 248
21 325
21 297
21 109
21 252
21 315
21 200
21 66
21 232
21 108
21 161
21 345
21 304
21 39
21 186
21 25
21 284
21 67
21 313
21 127
175 278
175 321
175 277
175 225
175 177
175 227
175 296
175 263
174 293
177 278
177 225
177 227
176 290
176 239
176 271
176 188
171 189
171 217
170 176
170 274
170 250
170 315
170 304
170 342
170 268
170 290
170 260
170 271
170 200
170 285
170 332
170 185
170 322
170 313
170 203
170 334
170 211
170 223
170 188
170 186
170 277
170 341
170 323
170 239
170 252
173 202
172 342
172 232
172 331
172 277
172 239
172 238
172 252
172 211
172 271
172 261
172 199
172 265
172 212
172 308
172 329
172 332
172 304
172 325
172 223
172 298
172 268
172 203
172 231
172 313
225 227
225 278
224 261
224 232
224 291
224 332
224 276
224 322
224 271
224 236
224 315
224 304
224 324
227 296
227 263
227 278
226 343
226 312
226 326
226 333
178 213
178 345
178 322
178 303
178 231
178 206
178 186
178 272
178 329
223 271
223 342
223 315
223 246
223 239
223 261
223 265
223 252
223 313
223 325
222 313
222 238
222 325
222 240
329 332
87 136
87 161
87 315
87 246
87 213
87 322
87 339
87 308
87 291
262 312
320 329
320 346
106 169
106 231
106 238
106 329
106 332
322 323
322 329
322 339
322 345
322 341
322 342
323 341
323 332
324 329
324 332
324 331
324 340
325 342
326 343
166 202
166 198
166 173
59 342
59 271
59 239
59 268
59 186
59 252
59 261
59 325
59 250
59 203
59 98
59 211
59 82
59 172
59 238
59 118
58 269
58 107
58 171
57 92
57 213
57 249
57 277
57 80
57 108
57 346
57 184
57 242
57 302
57 320
57 204
56 67
56 88
56 141
56 185
56 128
56 297
56 239
56 252
56 103
56 132
56 75
56 66
56 119
56 161
56 62
56 332
56 272
56 221
56 169
56 59
56 203
56 122
56 238
56 334
56 136
56 298
56 60
56 212
56 199
56 222
56 313
56 211
56 277
56 231
56 342
56 72
56 290
56 276
56 322
56 104
56 291
56 304
56 188
56 200
56 303
56 170
56 186
56 325
56 109
56 331
56 232
56 265
56 118
56 213
56 82
56 261
56 134
56 323
56 285
56 98
56 207
56 63
56 315
56 172
56 341
56 223
56 271
56 113
56 142
55 200
55 203
55 170
55 239
55 56
55 277
55 67
55 261
55 122
55 186
55 252
55 123
55 104
55 185
54 329
54 313
54 119
53 346
53 299
53 196
53 322
53 260
53 254
53 191
53 54
53 317
53 332
53 204
53 330
53 213
53 101
53 249
53 266
53 180
53 146
53 130
53 315
53 194
53 94
53 248
53 302
53 88
53 92
53 242
52 192
51 237
51 83
51 84
50 277
50 314
50 113
50 203
50 146
50 119
50 331
50 109
50 148
50 334
259 264
160 260
311 325
311 344
310 337
313 315
313 342
313 325
313 314
313 339
271 304
271 332
271 276
271 322
271 277
271 331
271 285
271 297
271 272
271 325
271 315
271 290
271 291
271 318
271 323
271 342
271 280
271 313
271 298
271 314
276 322
277 308
277 324
277 332
277 325
277 291
277 334
277 339
277 285
277 280
277 304
277 294
277 315
277 311
277 342
277 290
277 323
277 322
275 328
275 306
319 327
318 334
216 243
131 227
131 278
131 143
131 177
131 225
128 265
128 322
128 313
128 176
128 271
128 252
128 170
128 213
128 248
128 334
128 172
128 150
128 186
128 211
128 169
128 315
128 223
128 199
128 203
129 168
129 291
129 339
129 347
233 256
122 285
122 323
122 248
122 141
122 274
122 284
122 128
122 142
122 280
122 123
122 203
122 200
122 261
122 303
122 272
122 170
122 342
122 161
122 344
122 252
122 224
122 235
122 236
122 188
122 325
122 332
122 304
122 271
122 169
122 186
122 277
122 176
122 345
122 297
122 156
122 315
122 322
122 276
122 213
122 232
122 281
122 239
122 136
122 251
123 342
123 334
123 186
123 200
123 318
123 142
123 239
123 261
123 252
120 247
120 277
120 136
121 165
121 206
121 169
121 236
121 280
121 315
126 322
126 260
127 135
127 284
127 281
127 251
127 139
127 272
127 320
127 309
127 184
127 159
127 346
127 197
124 170
124 157
125 136
125 169
228 283
132 134
132 158
132 315
132 303
132 277
132 311
132 334
132 317
132 242
48 57
48 320
48 54
48 73
48 88
48 203
48 80
48 330
48 180
48 119
48 332
48 271
48 299
48 199
48 322
48 302
48 53
48 130
48 126
49 192
49 241
49 255
44 343
44 312
44 111
45 67
45 221
45 104
45 122
45 200
45 142
45 186
45 322
45 303
45 132
45 345
46 177
46 175
46 278
46 143
47 301
40 199
40 332
40 200
40 213
40 133
40 232
40 280
40 231
40 334
40 271
40 315
40 329
40 72
40 169
40 304
40 141
40 274
40 224
40 158
40 142
40 277
40 317
40 239
40 265
40 272
40 77
40 212
40 307
40 203
40 257
40 113
40 322
40 325
40 132
40 172
40 67
40 56
40 298
40 258
41 243
41 230
41 115
41 116
41 144
41 151
41 137
41 214
41 226
41 140
41 44
41 337
41 310
41 343
41 111
41 312
41 93
41 326
159 172
159 281
159 277
159 320
159 345
159 184
159 272
159 284
159 197
16 261
16 82
16 118
16 329
16 29
16 331
16 172
16 332
182 253
221 285
221 322
221 303
302 330
302 315
302 346
303 315
303 322
303 345
300 346
300 320
301 324
89 95
89 319
89 327
89 219
89 147
199 304
199 222
199 265
199 212
199 261
199 203
199 315
199 238
199 325
199 239
199 291
199 252
199 314
199 298
199 324
199 231
199 322
199 288
199 223
199 232
199 211
199 342
199 271
199 200
199 313
197 251
197 320
197 272
197 284
197 329
197 309
197 281
196 249
196 330
196 266
196 346
196 204
196 254
196 285
308 338
308 323
308 334
308 329
308 322
194 242
194 196
194 266
194 346
194 204
194 249
194 254
194 299
194 302
193 259
192 205
190 229
117 231
117 285
117 280
116 149
116 312
116 140
116 144
116 343
116 214
116 226
116 162
116 326
115 137
115 312
115 226
115 140
115 262
115 116
115 343
115 326
115 220
115 192
115 144
115 214
115 149
113 261
113 142
113 132
113 342
113 119
113 271
113 313
113 325
113 172
113 277
113 239
113 203
113 148
113 200
113 304
113 121
113 165
113 291
113 252
113 122
113 285
113 188
113 158
113 186
113 334
113 199
113 169
113 134
112 174
111 343
111 279
111 337
111 312
111 310
111 214
111 326
111 137
248 332
248 277
248 323
248 252
248 311
248 265
248 291
246 339
246 315
246 322
246 308
246 340
246 304
246 285
245 259
244 282
243 312
243 337
243 310
242 249
242 266
242 254
242 299
242 322
242 330
242 346
242 302
119 323
119 170
119 171
119 285
119 332
119 252
119 185
119 313
119 217
119 176
119 122
119 271
119 199
119 208
119 188
119 280
119 128
119 125
119 325
119 150
119 331
119 269
119 163
119 229
119 277
119 239
119 297
119 342
119 146
119 132
119 203
119 200
119 148
119 339
119 329
119 248
119 324
119 318
119 261
119 189
118 325
118 261
118 283
118 239
118 268
118 211
118 331
118 200
118 342
118 172
118 324
118 199
118 277
118 304
118 252
118 161
118 271
118 134
118 322
118 222
118 238
118 313
118 265
118 203
75 200
75 304
75 323
75 188
75 170
75 272
75 274
75 322
75 85
75 258
100 150
100 323
100 217
100 269
100 163
100 119
100 189
77 332
77 117
77 294
77 231
76 270
71 230
71 307
70 230
73 299
73 126
73 331
73 130
73 88
72 141
72 252
72 165
72 200
72 113
72 232
72 291
72 272
72 172
72 199
72 212
72 329
72 132
72 239
72 298
72 271
155 157
79 188
79 252
79 271
79 119
79 272
79 200
79 185
78 273
78 218
78 306
78 181
78 195
78 328
78 275
110 264
110 259
103 271
103 339
103 169
103 285
103 136
103 172
103 252
103 200
103 323
103 185
103 211
214 326
214 333
214 289
214 230
214 312
214 343
268 325
268 271
217 324
211 325
211 331
211 272
211 222
211 342
211 285
211 238
211 261
211 239
211 223
211 304
211 313
211 271
211 265
211 268
211 315
212 304
212 344
212 239
212 232
212 252
212 295
212 271
212 298
213 246
213 345
213 272
213 315
213 324
213 332
213 277
213 322
213 249
213 224
213 285
213 242
213 340
213 303
213 239
213 231
213 236
213 291
213 308
250 252
250 322
218 328
218 273
218 275
218 306
219 319
3 170
3 85
3 228
3 280
3 200
3 25
3 26
3 72
3 142
3 122
3 188
3 67
3 283
3 9
3 274
3 323
208 291
208 277
208 285
208 332
148 229
148 339
148 272
148 176
148 261
148 271
148 185
148 224
149 226
149 162
149 326
149 343
149 333
149 312
251 284
251 281
251 320
251 309
144 226
144 326
144 343
144 151
144 149
144 312
306 328
146 313
146 339
146 285
146 148
146 317
147 319
147 219
7 136
7 213
7 22
7 38
7 65
7 322
7 31
7 103
7 168
7 347
7 291
7 340
7 339
7 87
7 246
7 304
7 308
7 129
7 315
1 315
1 53
1 194
1 133
1 48
1 299
1 88
1 92
1 280
1 119
1 126
1 346
1 73
1 236
1 322
1 54
142 345
142 322
142 158
142 271
142 277
142 161
142 285
142 323
142 303
142 170
142 334
142 297
142 308
142 332
142 186
142 280
142 315
142 200
142 252
142 236
142 169
142 203
142 188
142 239
143 177
143 175
143 278
143 227
143 225
143 321
68 177
68 175
68 225
68 227
68 143
68 263
68 99
68 296
69 304
69 236
69 121
69 105
304 325
304 322
304 324
304 308
304 334
304 332
304 347
304 341
304 315
202 329
62 236
62 200
62 161
62 276
62 142
62 67
62 239
62 323
62 170
62 223
62 199
62 122
62 322
62 318
62 98
62 261
62 341
62 141
62 224
62 130
62 133
62 186
62 96
63 313
63 261
63 342
63 271
60 285
60 291
60 239
60 322
60 158
60 313
61 193
66 67
66 239
66 142
66 252
66 304
66 113
66 334
66 134
66 122
66 308
67 141
67 69
67 142
67 297
67 136
67 203
67 212
67 290
67 188
67 123
67 119
67 75
67 186
67 109
67 272
67 345
67 323
67 196
67 200
67 332
67 252
67 325
67 271
67 280
67 128
67 104
67 213
67 277
67 344
67 72
67 134
67 322
67 304
67 265
67 303
67 185
67 313
67 223
67 239
67 169
67 236
67 308
67 324
67 248
67 285
67 113
67 170
67 315
67 118
67 161
67 199
67 342
67 156
67 98
67 261
67 158
67 79
67 334
67 82
67 224
67 122
64 217
64 171
64 119
64 189
64 100
64 150
331 332
140 326
140 214
140 312
140 144
257 315
257 280
257 344
257 272
257 295
257 258
257 322
257 304
195 306
195 275
195 218
195 273
195 328
261 271
261 325
261 268
261 313
261 297
261 314
261 345
261 265
261 285
261 342
261 318
260 322
260 339
263 296
200 277
200 323
200 276
200 271
200 285
200 280
200 304
200 297
200 224
200 325
200 324
200 239
200 334
200 232
200 274
200 248
200 203
200 236
200 322
200 332
200 223
200 252
265 311
265 331
265 325
265 298
265 342
265 271
265 313
266 330
266 302
266 346
93 167
93 310
93 337
93 137
93 111
207 322
91 193
91 110
91 245
91 259
91 264
91 201
90 179
97 230
97 182
96 133
96 274
96 190
96 224
96 213
96 314
96 323
95 319
95 147
95 327
94 346
94 320
94 315
94 254
94 180
94 300
94 187
94 249
94 204
94 299
94 266
94 242
94 302
94 101
94 194
94 330
139 320
139 281
139 251
139 197
139 284
139 184
139 159
220 312
220 262
141 224
141 172
141 280
141 257
141 291
141 199
141 304
141 276
141 239
141 271
141 236
141 323
141 258
141 272
130 329
130 300
130 204
130 257
130 322
130 191
130 213
130 346
130 277
133 141
133 271
133 236
133 188
133 183
133 280
133 224
133 322
133 315
133 232
133 276
135 281
135 197
135 309
135 284
135 184
135 320
135 251
134 252
134 304
134 203
134 142
134 334
134 238
134 199
134 248
134 277
137 312
137 167
137 214
137 289
137 326
137 310
137 337
137 140
137 243
136 156
136 339
136 304
136 169
136 308
136 322
136 146
136 213
136 246
136 285
136 315
136 324
13 277
13 188
13 261
13 118
13 172
13 238
13 98
13 236
13 148
13 223
13 313
13 67
13 252
13 82
13 239
13 342
13 271
13 21
13 56
13 265
13 26
13 304
13 109
13 59
13 119
13 211
13 199
13 332
13 65
13 325
10 142
10 169
10 291
10 285
10 277
10 200
10 67
10 323
10 332
17 326
17 140
17 310
17 116
17 41
17 111
17 19
17 312
17 137
17 144
17 214
17 115
299 346
299 330
299 302
299 300
107 171
14 20
14 226
14 151
14 116
14 28
14 144
14 312
14 149
14 214
14 326
14 41
14 343
14 310
14 115
19 175
19 312
19 293
19 174
19 214
19 115
19 138
19 289
19 112
19 343
19 319
19 227
19 41
19 89
297 322
297 323
297 324
290 323
290 322
290 342
291 332
291 315
291 329
291 339
333 343
273 328
273 275
273 306
