598 625
598 677
598 654
598 684
598 619
598 653
598 630
598 618
598 609
598 680
598 605
598 636
633 680
633 644
633 666
633 653
633 636
597 619
597 623
597 684
597 603
597 680
597 636
597 633
597 625
597 618
597 653
597 644
597 630
597 611
597 677
597 654
597 609
394 492
394 475
394 438
394 544
394 513
394 683
394 566
394 515
394 542
394 676
394 601
394 436
394 400
394 556
394 620
394 614
394 559
395 567
395 423
395 436
395 678
395 561
395 412
395 637
395 683
395 514
395 591
395 438
395 553
395 645
395 604
395 422
395 428
395 556
395 400
395 630
395 506
395 601
395 513
395 614
395 483
395 515
395 574
395 669
395 465
395 461
395 542
395 544
395 524
395 559
395 620
395 431
640 643
640 670
640 650
640 659
640 675
640 662
640 647
640 658
640 661
640 681
641 651
643 681
643 665
643 658
643 675
643 661
643 659
643 650
643 670
643 662
644 666
644 680
644 654
644 664
483 514
483 671
483 641
483 566
483 567
483 500
483 651
483 604
483 601
483 515
483 553
483 542
483 496
483 639
483 637
483 513
483 524
483 591
483 544
483 506
483 606
483 580
483 563
483 492
483 561
483 614
483 596
483 669
483 559
646 651
647 662
647 659
647 681
647 658
647 650
647 675
647 665
647 670
587 634
587 646
587 645
587 591
587 651
586 646
586 634
586 645
586 587
584 630
584 639
584 631
584 682
584 592
584 660
584 637
584 618
584 616
584 596
584 678
584 679
583 635
583 658
583 627
583 628
583 643
583 640
583 665
583 600
583 681
583 650
583 670
583 661
583 647
583 662
583 599
583 615
583 595
583 675
583 659
583 632
582 635
582 659
582 675
582 643
582 658
582 650
582 583
582 599
582 670
582 600
582 632
582 615
582 662
582 627
582 661
582 595
582 640
582 681
599 662
599 665
599 615
599 681
599 640
599 647
599 659
599 670
599 643
599 628
599 658
599 661
599 627
599 675
599 635
599 632
599 650
599 600
580 637
580 641
580 601
580 591
580 606
580 656
506 604
506 563
506 645
506 591
506 513
506 559
506 610
506 514
506 566
506 524
506 606
506 544
506 561
506 553
609 620
609 644
609 630
609 612
609 626
609 636
609 617
609 623
609 666
609 654
609 664
609 619
609 680
609 653
500 556
500 566
500 514
500 645
500 591
500 506
500 604
500 614
500 513
500 601
500 563
500 651
500 542
500 553
500 637
500 580
500 683
500 524
604 637
604 669
604 606
604 676
604 651
604 645
604 671
605 619
605 630
605 680
605 677
605 678
605 653
605 617
605 644
605 626
605 654
605 609
606 641
606 669
606 614
606 645
600 615
600 661
600 640
600 675
600 658
600 632
600 681
600 662
600 659
600 627
600 665
600 670
600 635
600 650
600 643
600 628
601 629
601 637
601 630
601 609
601 644
603 623
603 611
603 684
603 677
603 654
603 612
603 609
603 619
603 644
603 680
603 625
603 605
542 683
542 591
542 553
542 567
542 561
542 559
542 580
542 556
542 606
680 684
680 685
400 591
400 651
400 567
400 561
400 434
400 637
400 431
400 676
400 436
400 412
400 475
400 614
400 556
400 461
400 601
400 492
400 524
400 515
400 553
400 669
400 438
400 566
400 544
400 514
400 559
400 606
400 580
400 542
400 500
400 683
400 641
400 513
400 465
400 428
400 506
612 636
612 664
612 619
612 617
612 654
612 630
612 678
612 680
391 563
391 428
391 637
391 492
391 500
391 580
391 559
391 524
391 513
391 591
391 400
391 483
391 394
391 561
391 506
391 515
391 669
391 614
391 438
391 566
391 556
391 431
391 465
391 544
391 567
391 412
391 553
391 423
391 475
391 514
634 645
634 651
634 646
634 647
544 553
544 566
544 561
544 556
544 604
544 563
544 559
544 676
544 669
544 683
544 580
544 645
590 680
590 633
590 623
590 612
590 644
590 591
590 609
590 617
591 604
591 669
591 634
591 637
591 683
591 645
591 651
591 606
591 641
591 646
592 603
592 644
592 622
592 618
592 612
592 633
592 655
592 678
592 623
592 617
592 654
592 685
592 621
592 630
592 682
592 597
592 625
592 620
592 626
592 598
592 684
592 664
592 680
592 636
592 672
592 677
592 619
592 653
592 605
592 611
592 609
592 616
592 666
636 684
636 678
636 685
636 653
636 680
636 644
636 666
636 677
658 661
658 670
658 662
658 659
658 681
658 665
658 675
630 663
630 672
630 655
630 644
630 685
630 653
630 664
630 682
630 636
630 631
630 684
630 666
630 641
630 657
630 678
596 604
596 620
596 630
596 663
596 618
596 609
596 678
596 653
596 677
596 639
596 655
596 616
632 647
632 665
632 661
632 659
632 640
632 650
632 658
632 675
632 670
632 662
632 643
632 635
670 675
670 681
672 678
675 681
677 684
677 680
677 682
676 683
363 370
363 461
363 514
363 492
363 566
363 373
363 561
363 412
363 436
363 524
363 475
363 669
363 483
363 515
363 637
363 374
363 378
363 580
363 559
363 656
363 542
363 506
363 651
363 606
363 591
363 544
363 376
363 500
363 553
581 642
475 676
475 542
475 544
475 514
475 566
475 563
475 561
475 515
475 567
475 524
475 606
475 496
475 513
475 492
475 500
475 559
475 604
475 591
475 556
475 580
475 641
475 553
475 651
475 506
475 483
627 659
627 650
627 675
627 632
627 670
627 661
627 643
627 665
627 681
627 640
627 662
627 647
627 658
627 635
561 651
561 567
561 669
561 683
561 566
561 604
561 580
561 606
561 591
631 639
631 679
631 678
631 682
556 683
556 563
556 614
556 559
556 673
556 652
556 676
625 654
625 633
625 684
625 677
625 653
625 644
625 630
629 637
629 630
629 641
436 637
436 646
436 553
436 556
436 506
436 652
436 524
436 475
436 496
436 673
436 604
436 651
436 461
436 669
436 438
436 542
436 559
436 465
436 492
436 563
436 580
436 561
436 634
436 635
436 513
436 683
436 591
436 606
436 483
436 566
434 566
434 563
434 496
434 580
434 475
434 591
434 492
434 506
434 436
434 559
434 604
434 515
513 544
513 651
513 559
513 515
513 646
513 514
513 580
513 683
513 567
513 645
513 542
513 563
513 604
513 610
513 524
513 606
513 641
513 553
513 669
513 637
513 561
513 601
513 634
513 566
513 614
513 591
514 669
514 566
514 561
514 580
514 544
514 683
514 524
514 559
514 614
515 580
515 637
515 559
515 614
515 524
515 553
515 620
515 654
515 641
515 566
515 591
645 671
645 669
645 683
645 651
645 646
589 684
589 625
589 654
589 620
589 623
589 622
589 603
589 596
589 592
589 609
589 597
589 611
589 664
589 617
589 677
589 636
589 605
594 667
588 678
588 682
588 619
588 654
588 633
588 592
588 653
588 617
588 644
588 618
588 685
616 684
616 678
616 623
616 631
616 663
616 657
616 639
616 621
616 622
616 618
616 625
616 660
616 630
626 664
626 644
626 630
626 654
626 677
626 657
626 680
173 348
173 649
173 427
669 671
622 623
622 663
622 684
622 678
622 639
622 625
623 625
623 677
623 684
623 636
623 654
620 672
620 678
620 666
620 636
620 644
620 630
620 653
620 654
618 653
618 682
618 630
618 685
618 679
618 631
618 680
618 636
618 678
618 633
618 684
618 619
618 666
662 665
662 670
662 681
662 675
661 670
661 665
661 675
661 681
661 662
666 680
664 666
664 685
665 675
665 670
374 559
374 683
374 515
374 376
374 567
374 544
374 412
374 496
374 506
374 524
374 553
374 556
374 614
374 431
374 391
374 438
374 561
374 492
374 465
374 483
374 500
374 563
374 475
374 378
374 591
374 514
374 461
374 669
374 566
374 513
376 475
376 676
376 513
376 514
376 673
376 652
376 524
376 646
376 580
376 634
376 651
376 567
376 378
376 400
376 542
376 587
376 610
376 438
376 606
376 391
376 428
376 506
376 556
376 566
376 434
376 496
376 669
376 683
376 637
376 412
376 591
376 500
376 563
376 561
376 395
376 604
376 394
376 461
376 423
376 544
376 645
376 436
376 492
376 559
376 465
376 431
376 614
376 515
376 553
376 483
376 586
370 646
370 542
370 506
370 461
370 428
370 544
370 373
370 465
370 524
370 591
370 566
370 514
370 604
370 645
370 683
370 559
370 483
370 553
370 395
370 378
370 436
370 423
370 563
370 669
370 438
370 475
370 492
370 431
370 374
370 412
370 666
370 567
370 376
370 561
370 515
524 553
524 566
524 614
524 590
524 606
524 542
524 559
524 544
524 591
524 567
524 683
524 637
524 561
524 651
595 650
595 662
595 635
595 670
595 661
595 643
595 659
595 681
595 658
595 627
595 675
595 640
595 600
595 615
373 436
373 544
373 378
373 376
373 475
373 513
373 500
373 567
373 483
373 515
373 587
373 400
373 563
373 434
373 514
373 634
373 645
373 542
373 590
373 423
373 559
373 465
373 580
373 492
373 651
373 561
373 461
373 428
373 614
373 591
373 556
373 641
373 558
373 374
373 506
373 669
373 395
373 683
373 391
373 553
373 412
373 496
373 637
373 680
373 438
373 566
373 604
373 524
373 606
373 431
378 492
378 566
378 465
378 524
378 423
378 561
378 434
378 394
378 506
378 591
378 412
378 436
378 515
378 604
378 483
378 553
378 400
378 475
378 513
378 461
378 580
378 641
378 637
378 431
378 676
378 669
378 563
378 542
378 514
378 614
378 500
378 559
378 496
378 391
378 428
378 651
378 544
431 492
431 438
431 606
431 561
431 559
431 436
431 614
431 556
431 465
431 514
431 669
431 563
431 515
431 483
431 506
431 651
431 683
431 513
431 475
431 500
431 434
431 566
427 563
427 496
427 428
621 622
621 663
628 665
628 661
628 647
628 632
628 662
628 681
628 643
422 620
422 609
422 644
422 561
422 614
422 601
422 604
422 636
422 654
422 619
422 438
422 617
422 596
422 653
422 592
422 483
422 685
422 682
422 593
422 657
422 597
422 618
422 663
422 680
422 584
422 630
422 678
422 553
422 579
422 655
422 631
423 461
423 604
423 506
423 646
423 561
423 637
423 651
423 436
423 614
423 558
423 492
423 475
423 669
423 586
423 591
423 556
423 431
423 500
423 559
423 465
423 683
423 524
423 553
423 587
423 513
423 567
423 606
423 428
423 634
423 645
461 544
461 559
461 483
461 669
461 591
461 567
461 465
461 513
461 542
461 524
461 606
461 561
461 590
461 506
461 683
461 645
461 492
461 475
461 553
461 653
567 645
567 651
567 610
567 590
567 580
567 683
567 591
567 604
567 646
566 567
566 580
566 637
566 651
566 593
566 591
566 676
428 606
428 559
428 641
428 553
428 513
428 609
428 594
428 465
428 561
428 669
428 500
428 438
428 436
428 544
428 475
428 558
428 514
428 431
428 604
428 506
428 434
428 651
428 492
428 676
428 515
428 567
428 542
428 667
428 614
428 591
428 683
428 524
428 461
428 563
428 601
465 683
465 542
465 580
465 614
465 483
465 561
465 500
465 515
465 566
465 556
465 591
465 601
465 506
465 475
465 558
465 676
465 669
465 559
465 513
465 604
465 544
465 567
465 524
563 604
563 645
563 594
563 634
563 566
563 567
679 682
412 676
412 436
412 561
412 422
412 423
412 614
412 558
412 492
412 483
412 496
412 428
412 506
412 604
412 431
412 438
412 434
412 500
412 542
412 580
412 683
412 559
412 461
412 645
412 544
412 567
412 524
412 513
412 609
412 669
412 566
412 515
412 593
412 591
553 645
553 666
553 566
553 556
553 558
553 561
553 683
553 609
553 620
553 634
553 559
553 644
553 669
553 591
553 567
553 614
34 348
34 428
34 173
480 593
480 563
496 669
496 566
496 553
496 641
496 513
496 591
496 515
496 514
496 637
496 506
496 580
659 662
659 681
659 670
659 661
659 665
659 675
492 591
492 637
492 561
492 676
492 542
492 524
492 669
492 567
492 513
492 580
492 614
492 514
492 553
492 604
492 515
492 566
492 500
492 544
492 651
492 641
492 606
492 559
492 506
657 682
655 657
654 680
654 678
654 684
654 685
654 677
654 683
654 672
654 666
654 664
653 672
653 654
653 677
653 685
653 680
653 678
653 666
653 664
651 683
650 658
650 659
650 661
650 662
650 681
650 665
650 670
639 682
639 678
635 681
635 670
635 661
635 640
635 650
635 675
635 659
635 662
635 643
635 658
619 630
619 633
619 623
619 653
619 644
619 678
619 636
619 684
619 654
619 685
619 625
619 677
438 524
438 645
438 606
438 561
438 566
438 683
438 492
438 614
438 651
438 676
438 591
438 475
438 506
438 556
438 596
438 500
438 513
438 559
438 563
438 514
438 465
438 669
438 604
438 553
438 483
438 496
438 634
438 461
107 629
107 483
107 641
107 649
107 428
107 475
107 348
107 601
107 580
107 566
107 363
107 376
348 480
348 567
348 400
348 556
348 378
348 563
348 423
348 363
348 394
348 428
348 465
348 438
348 434
348 412
348 427
348 524
348 513
348 436
348 542
348 558
348 395
348 376
348 373
348 496
348 483
348 461
348 475
348 553
348 374
348 514
348 431
348 566
348 492
348 500
348 559
348 370
348 422
348 515
348 391
348 506
348 561
348 544
678 685
678 679
678 682
558 604
611 618
611 677
611 684
611 654
611 625
611 664
611 680
611 653
611 636
617 630
617 626
617 648
617 664
617 677
617 654
617 620
617 619
617 644
617 666
617 625
617 685
617 680
637 641
637 669
637 645
637 678
637 679
637 639
615 643
615 627
615 670
615 647
615 661
615 662
615 665
615 628
615 658
615 681
615 632
615 635
615 640
615 675
615 659
614 645
614 676
614 683
614 669
614 637
578 665
578 647
578 643
578 658
578 595
578 615
578 659
578 599
578 600
578 640
578 670
578 661
578 650
578 675
578 662
578 635
578 681
578 632
578 582
578 627
578 583
579 609
579 685
579 590
579 589
579 611
579 625
579 588
579 622
579 592
579 664
579 617
579 620
579 677
579 680
579 603
579 605
579 630
579 666
579 619
579 598
579 612
579 633
579 654
579 626
579 636
579 663
579 597
579 623
579 653
579 684
579 621
579 616
579 639
579 644
576 675
576 661
576 583
576 640
576 658
576 627
576 659
576 643
576 578
576 615
576 650
576 681
576 600
577 578
577 583
577 661
577 659
577 675
577 635
577 658
577 640
577 615
577 595
577 627
577 662
577 650
577 681
577 600
577 632
577 599
577 643
577 582
577 670
577 647
574 584
574 630
574 616
574 621
574 631
574 663
574 596
574 579
574 678
575 612
575 579
575 592
575 654
575 617
575 685
575 630
575 680
575 664
575 589
573 605
573 630
573 633
573 654
573 684
573 622
573 677
573 617
573 672
573 636
573 589
573 603
573 598
573 592
573 611
573 588
573 619
573 623
573 597
573 664
573 609
573 575
573 666
573 685
573 579
573 653
573 680
573 625
573 626
573 618
573 644
559 591
559 580
559 651
559 561
559 604
559 606
559 683
559 567
559 637
559 566
559 669
559 614
559 676
