446 548
446 487
446 490
446 483
446 539
446 482
446 491
446 475
446 492
446 517
446 515
391 502
391 506
391 515
391 428
391 548
391 500
391 524
391 513
391 483
391 460
391 525
391 539
391 475
391 458
391 482
391 556
391 488
391 567
391 412
391 514
391 456
391 563
391 559
391 400
391 561
391 512
391 527
391 431
391 493
391 503
391 517
391 553
391 446
391 490
391 492
391 497
391 484
391 414
391 394
391 417
391 438
391 566
391 465
391 544
391 491
391 423
391 487
363 526
363 497
363 412
363 515
363 506
363 419
363 368
363 463
363 409
363 432
363 492
363 366
363 436
363 517
363 378
363 527
363 507
363 493
363 461
363 487
363 376
363 500
363 370
363 514
363 559
363 367
363 561
363 524
363 455
363 388
363 444
363 483
363 481
363 385
363 544
363 521
363 402
363 538
363 484
363 373
363 414
363 374
363 475
363 417
363 566
363 525
363 542
363 565
363 553
363 482
469 516
469 551
469 486
469 497
469 554
469 540
469 563
469 518
469 553
469 505
398 527
398 526
398 517
398 536
398 479
398 488
398 430
398 497
398 511
398 404
398 408
398 561
398 445
398 462
398 545
398 525
398 494
398 512
398 431
398 493
398 503
398 484
398 456
398 409
398 559
398 538
398 412
399 476
399 564
399 501
399 441
561 567
561 565
561 566
397 439
397 444
397 506
397 504
397 449
397 531
397 432
397 513
397 557
397 518
397 481
397 420
397 485
397 483
397 421
397 402
397 510
397 541
397 514
397 426
397 563
397 509
397 544
397 546
397 469
397 457
397 516
397 418
397 543
397 422
397 507
397 554
397 458
397 419
397 570
397 477
397 523
563 569
563 566
563 567
467 572
467 532
461 465
461 524
461 483
461 542
461 525
461 523
461 497
461 475
461 567
461 559
461 520
461 527
461 471
461 492
461 463
461 544
461 506
461 561
461 553
461 517
461 513
461 548
461 507
566 567
455 568
455 531
455 541
455 528
455 466
455 504
455 565
455 506
455 510
455 569
455 543
455 522
455 546
455 557
455 529
455 539
455 563
455 553
455 500
455 497
455 561
450 531
450 497
450 500
450 452
450 489
450 474
450 557
450 481
450 519
450 475
450 548
450 539
450 463
450 547
531 557
531 547
531 570
531 543
531 555
531 563
531 546
531 539
531 568
444 523
444 445
444 460
444 475
444 506
444 544
444 556
444 570
444 487
444 545
444 559
444 488
444 504
444 538
444 513
444 449
444 495
444 520
444 473
444 517
444 503
444 483
444 500
444 531
444 507
374 506
374 402
374 523
374 496
374 525
374 438
374 570
374 465
374 517
374 412
374 456
374 431
374 566
374 504
374 515
374 376
374 420
374 461
374 524
374 553
374 556
374 391
374 492
374 521
374 378
374 510
374 419
374 432
374 559
374 567
374 544
374 451
374 439
374 526
374 535
374 507
374 430
374 497
374 500
374 545
374 414
374 513
374 488
374 463
374 482
374 565
374 444
374 460
374 418
374 561
374 514
374 520
374 569
374 527
374 483
374 563
374 475
374 417
516 551
516 563
516 518
516 554
477 518
477 516
477 554
477 485
477 563
476 501
473 560
473 561
473 525
473 535
473 503
473 495
473 556
473 527
473 542
473 539
473 515
473 479
473 483
472 567
472 533
471 566
471 569
471 515
471 567
471 559
471 561
471 524
471 513
471 514
471 507
471 563
471 475
471 537
471 553
470 519
470 531
470 555
470 507
470 562
470 547
518 563
518 551
518 554
388 412
388 493
388 452
388 497
388 559
388 503
388 475
388 421
388 492
388 557
388 507
388 400
388 523
388 566
388 463
388 487
388 483
388 404
388 415
388 513
388 567
388 445
388 537
388 450
388 544
388 548
388 496
388 465
388 444
388 500
388 438
475 507
475 513
475 483
475 490
475 525
475 555
475 497
475 482
475 491
475 566
475 517
475 531
475 500
475 519
475 559
475 487
475 567
475 488
475 546
475 548
475 502
475 481
475 547
475 524
475 484
475 563
475 553
475 565
475 506
475 523
475 542
475 545
475 544
475 527
475 556
475 489
475 557
475 515
475 514
475 561
475 492
475 496
475 521
474 546
474 548
474 531
474 547
474 557
474 489
474 481
474 500
474 475
514 561
514 527
514 569
514 544
514 559
514 520
514 538
514 525
514 524
514 548
514 541
514 537
514 517
514 566
514 570
515 548
515 559
515 524
515 553
515 555
515 557
515 545
515 566
515 517
515 527
515 525
515 519
387 417
387 507
387 503
387 514
387 438
387 412
387 428
387 559
387 524
387 415
387 395
387 406
387 520
387 402
387 567
387 461
387 523
387 465
387 570
387 544
387 525
387 436
387 444
387 513
387 517
387 556
387 561
387 506
387 408
387 400
517 538
517 527
517 544
517 556
517 526
517 524
517 559
517 566
517 553
517 525
517 520
517 545
517 537
517 561
517 536
510 521
510 533
510 555
510 553
510 563
510 513
510 528
511 566
511 561
511 559
511 512
511 538
511 525
511 517
511 556
511 536
511 545
512 526
512 545
512 513
512 515
512 517
512 538
512 560
512 525
512 556
512 561
512 536
382 452
382 500
382 403
382 410
382 547
382 474
382 531
382 470
382 555
385 461
385 524
385 507
385 423
385 483
385 436
434 523
434 506
434 436
434 478
434 566
434 492
434 497
434 496
434 456
434 475
434 559
434 563
434 488
434 490
434 458
434 517
434 515
434 534
384 552
384 464
433 533
433 528
433 563
433 510
433 504
433 455
479 545
479 483
479 511
479 517
479 512
479 520
479 525
479 536
479 493
479 538
479 527
479 513
479 492
479 561
479 559
479 484
479 503
479 542
479 515
555 557
491 548
491 502
490 548
490 502
490 523
490 491
493 560
493 561
493 538
493 545
493 494
493 517
493 537
493 514
493 556
493 526
493 566
493 525
493 511
493 536
493 503
493 500
493 557
493 507
493 512
493 539
493 559
493 497
492 567
492 513
492 553
492 495
492 559
492 561
492 560
492 514
492 515
492 497
492 506
492 524
492 537
492 517
492 503
492 542
492 566
492 500
492 544
492 538
495 507
495 544
495 570
495 542
495 558
495 520
495 514
431 561
431 487
431 536
431 512
431 556
431 563
431 515
431 506
431 484
431 462
431 493
431 492
431 517
431 566
431 432
431 527
431 545
431 503
431 500
431 537
431 525
431 514
431 438
431 483
431 479
431 456
431 465
431 434
431 472
431 475
431 538
431 471
431 440
431 507
431 559
431 436
431 513
431 511
431 497
431 482
497 513
497 517
497 524
497 560
497 561
497 559
497 542
497 520
497 507
497 527
497 503
497 565
497 538
497 506
497 523
497 567
497 510
497 566
497 515
497 546
497 537
497 570
497 544
497 557
497 555
497 526
497 500
497 525
497 545
496 566
496 508
496 565
496 506
496 517
496 553
496 497
496 523
496 507
496 514
496 513
496 515
499 532
381 516
381 554
381 486
381 457
381 509
381 551
381 389
381 424
381 469
381 419
430 439
430 559
430 432
430 526
430 483
430 525
430 563
430 566
430 456
430 465
430 471
430 541
430 553
430 514
430 569
430 497
430 493
430 561
430 469
430 537
430 503
430 451
430 484
380 457
380 486
380 505
380 554
380 389
380 516
380 424
380 509
380 518
383 387
375 456
375 494
375 408
375 398
375 538
375 409
375 431
375 526
375 493
375 479
375 525
375 404
375 503
375 484
513 567
513 542
513 563
513 566
513 527
513 523
513 553
513 520
513 537
513 517
513 561
513 559
513 515
513 514
513 524
513 557
513 544
513 525
408 561
408 430
408 513
408 512
408 559
408 473
408 545
408 456
408 487
408 556
408 440
408 428
408 431
408 479
408 538
408 517
408 484
408 412
408 417
408 511
408 537
408 536
408 524
408 503
408 409
408 520
408 465
408 514
408 461
408 493
408 445
408 438
408 439
408 444
408 483
408 560
408 500
408 526
408 525
408 488
408 419
409 526
409 503
409 494
409 500
409 479
409 462
409 493
409 460
409 419
409 515
409 431
409 561
409 487
409 492
409 512
409 536
409 521
409 456
409 497
409 538
409 517
409 525
409 542
409 412
402 520
402 413
402 458
402 438
402 545
402 493
402 444
402 436
402 451
402 559
402 517
402 432
402 475
402 553
402 425
402 465
402 497
402 523
402 514
402 542
402 463
402 515
402 507
402 421
402 417
402 543
402 566
402 558
402 415
402 544
402 422
402 482
402 506
402 513
402 524
402 570
402 500
402 412
402 460
402 495
402 561
402 508
402 567
402 563
402 428
403 489
403 470
403 452
403 475
403 458
403 515
403 497
403 553
403 555
403 510
403 547
403 519
403 546
400 484
400 431
400 511
400 436
400 475
400 544
400 404
400 487
400 517
400 434
400 506
400 567
400 542
400 556
400 408
400 561
400 515
400 512
400 538
400 465
400 444
400 482
400 539
400 537
400 461
400 409
400 524
400 417
400 438
400 503
400 445
400 432
400 414
400 420
400 525
400 553
400 500
400 513
400 497
400 488
400 415
400 566
400 493
400 412
400 492
400 456
400 421
400 514
400 559
400 419
400 428
406 437
406 532
407 426
407 543
407 504
407 563
407 528
407 458
407 455
407 433
407 513
407 510
407 490
407 533
404 560
404 493
404 503
404 537
404 408
404 445
404 452
404 462
404 409
404 512
404 440
404 487
404 506
404 538
404 526
404 483
404 428
404 419
404 421
404 545
404 536
404 482
404 484
404 456
404 542
404 500
404 511
404 525
404 556
404 559
404 496
404 566
404 431
404 415
404 479
404 465
404 444
404 494
404 515
404 561
405 513
405 428
405 568
405 563
405 478
405 418
405 531
173 549
173 414
173 464
173 427
551 554
429 481
429 529
429 531
429 504
429 539
429 522
429 455
429 466
440 508
440 538
440 449
440 525
440 496
440 493
440 456
440 479
440 484
454 564
485 518
485 563
198 399
198 441
198 549
198 393
198 476
198 351
198 364
198 564
198 501
505 554
505 551
505 516
505 509
419 544
419 503
419 518
419 486
419 424
419 471
419 516
419 422
419 513
419 505
419 537
419 428
419 492
419 527
419 423
419 517
419 469
419 565
419 487
419 540
419 493
419 430
419 483
419 456
419 561
419 452
419 525
419 567
419 431
419 559
419 440
419 538
419 484
419 526
419 551
419 488
419 536
419 475
418 506
418 497
418 568
418 463
418 523
418 465
418 553
418 555
418 481
418 544
418 557
418 514
418 510
418 475
418 432
418 504
418 547
377 383
410 568
410 500
410 474
410 548
410 475
410 555
410 463
410 557
410 547
413 463
413 415
413 535
413 445
413 461
413 473
413 542
413 460
413 448
413 465
415 563
415 542
415 473
415 428
415 495
415 556
415 535
415 545
415 421
415 463
415 460
415 558
415 465
415 520
415 444
415 445
414 431
414 500
414 563
414 438
414 514
414 524
414 423
414 559
414 542
414 436
414 422
414 492
414 558
414 561
414 567
414 461
414 428
414 506
414 465
414 566
414 553
414 496
414 483
414 544
414 513
414 556
414 480
414 427
414 434
414 515
414 475
417 483
417 461
417 513
417 460
417 495
417 479
417 537
417 515
417 506
417 520
417 503
417 497
417 523
417 492
417 566
417 570
417 493
417 545
417 542
417 517
417 556
417 524
417 475
417 444
417 538
417 431
417 428
417 507
417 559
417 465
417 456
417 567
417 544
417 561
417 511
417 527
417 553
417 560
417 500
417 421
417 438
417 508
417 445
417 514
416 494
416 483
416 557
416 567
416 503
416 500
416 417
416 465
416 537
416 493
416 569
416 432
416 430
416 419
416 497
416 563
464 552
423 461
423 492
423 475
423 556
423 500
423 503
423 425
423 524
423 553
423 567
423 560
423 561
423 430
423 436
423 456
423 525
423 473
423 559
423 506
423 431
423 444
423 513
423 484
423 537
423 497
423 428
423 538
423 558
423 527
423 517
423 465
423 523
560 561
560 565
500 556
500 537
500 546
500 531
500 506
500 553
500 565
500 560
500 538
500 514
500 563
500 542
500 527
500 507
500 521
500 517
500 525
500 557
500 513
500 566
500 548
500 520
500 524
500 503
500 555
500 519
500 547
394 414
394 520
394 488
394 538
394 513
394 398
394 479
394 566
394 542
394 436
394 408
394 475
394 503
394 544
394 512
394 400
394 511
394 556
394 517
394 492
394 515
394 438
394 559
34 428
34 414
34 173
395 495
395 507
395 488
395 402
395 471
395 451
395 567
395 553
395 497
395 511
395 527
395 523
395 456
395 419
395 422
395 463
395 465
395 428
395 398
395 414
395 538
395 544
395 525
395 545
395 537
395 514
395 412
395 438
395 430
395 408
395 460
395 479
395 425
395 520
395 542
395 423
395 452
395 561
395 417
395 483
395 421
395 515
395 560
395 506
395 513
395 400
395 559
395 524
395 431
395 413
395 461
395 556
395 512
395 536
395 517
395 404
395 436
460 517
460 515
460 543
460 553
460 547
460 514
460 545
460 479
460 521
460 463
460 560
460 563
460 473
460 520
460 492
460 475
460 544
460 566
460 558
460 506
460 570
460 535
460 542
460 482
460 559
460 497
460 461
460 523
460 567
460 495
460 507
460 465
460 508
460 524
389 459
389 435
389 554
389 497
389 424
389 516
389 457
389 518
389 509
389 419
389 469
389 551
389 486
389 505
389 397
393 399
393 564
393 441
393 501
437 467
437 498
437 572
437 462
437 499
437 532
437 453
437 463
436 511
436 507
436 523
436 497
436 553
436 506
436 475
436 566
436 524
436 478
436 461
436 438
436 465
436 525
436 513
436 483
436 556
436 517
436 488
436 542
436 496
436 527
436 559
436 484
436 492
436 561
436 563
435 497
435 518
435 563
435 555
435 551
435 459
553 561
553 567
553 558
553 556
553 570
553 555
553 559
553 565
553 569
553 566
553 560
554 563
432 439
432 455
432 561
432 569
432 563
432 451
432 504
432 444
432 483
432 497
432 570
432 456
432 544
432 438
432 510
432 527
432 465
432 566
432 571
432 460
432 525
432 546
432 507
432 553
432 559
432 521
432 452
432 541
432 557
432 482
432 475
432 506
432 471
432 513
432 555
432 514
432 545
556 559
556 563
557 570
558 570
559 561
559 566
559 567
463 483
463 517
463 570
463 481
463 535
463 504
463 524
463 542
463 557
463 489
463 547
463 560
463 473
463 475
463 500
463 519
463 531
463 507
463 555
439 456
439 442
439 567
439 487
439 538
439 461
439 561
439 471
439 465
439 563
439 458
439 445
439 527
439 500
439 566
439 523
439 517
439 513
439 553
439 473
439 475
439 544
439 451
439 520
439 525
439 542
439 570
439 477
439 444
439 506
439 514
439 507
438 488
438 452
438 483
438 460
438 548
438 546
438 506
438 513
438 566
438 465
438 461
438 517
438 497
438 511
438 523
438 493
438 561
438 492
438 507
438 525
438 559
438 520
438 495
438 563
438 553
438 503
438 524
438 514
438 496
438 475
438 473
438 556
438 521
438 444
438 500
438 456
438 446
525 567
525 542
525 536
525 566
525 544
525 527
525 561
525 538
525 563
525 537
525 526
525 545
525 548
525 559
524 544
524 561
524 565
524 567
524 553
524 542
524 559
524 525
524 566
524 527
527 567
527 542
527 559
527 561
527 538
527 553
526 561
526 553
526 566
526 559
526 538
521 544
520 563
520 524
520 544
520 553
520 567
520 545
520 570
520 527
520 561
520 542
520 523
523 544
523 545
523 553
523 563
523 561
523 524
523 570
523 534
522 529
522 531
522 546
522 568
522 539
494 536
494 503
494 561
494 537
494 497
494 559
494 526
494 538
494 517
528 553
528 543
528 563
359 491
359 396
359 422
359 547
359 455
359 531
359 376
359 361
359 557
359 475
359 546
359 403
359 405
359 391
359 489
359 367
359 470
359 452
359 481
359 562
359 474
359 555
359 530
498 532
352 404
352 409
352 408
352 394
352 503
352 462
352 412
352 538
352 375
352 456
352 517
352 536
352 368
352 398
352 542
352 492
352 525
352 431
352 484
352 494
352 493
352 479
353 520
353 388
353 412
353 404
353 484
353 373
353 428
353 391
353 409
353 538
353 376
353 517
353 394
353 432
353 430
353 503
353 493
353 560
353 471
353 567
353 482
353 566
353 431
353 460
353 559
353 513
353 363
353 420
353 487
353 408
353 370
353 400
353 496
353 419
353 544
353 515
353 366
353 540
353 462
353 497
353 417
353 446
353 492
353 514
353 537
353 475
353 500
353 561
353 524
353 483
353 526
353 542
350 369
350 497
350 527
350 531
350 546
350 543
350 519
350 384
350 552
350 561
350 419
350 563
350 407
350 433
350 455
350 426
350 504
350 528
350 397
350 484
351 564
351 454
351 364
356 411
356 472
357 563
357 509
357 459
357 424
357 551
357 397
357 486
357 505
357 389
357 518
357 457
357 369
357 419
357 469
357 516
357 554
357 477
354 397
354 497
354 474
354 519
354 547
354 382
354 458
354 463
354 557
354 359
354 355
354 376
354 500
354 507
354 510
354 489
354 361
354 403
354 452
354 531
354 396
354 481
354 450
354 470
354 555
355 497
355 565
355 455
355 397
355 382
355 546
355 361
355 555
355 410
355 403
355 463
355 412
355 359
355 543
355 547
355 470
355 367
355 481
355 553
355 531
355 515
355 500
355 528
355 474
355 452
355 373
355 402
355 548
355 376
355 557
355 460
355 418
355 510
355 396
355 519
355 475
355 489
482 517
482 506
482 565
482 483
482 556
482 548
482 497
482 525
482 496
482 484
482 507
482 515
482 553
367 452
367 403
367 396
367 555
367 489
367 525
367 455
367 548
367 553
367 373
367 422
367 491
367 481
367 412
367 475
367 483
367 519
367 378
367 502
367 391
367 547
367 474
367 416
367 490
367 566
367 546
367 376
367 504
480 543
480 563
480 540
481 531
481 547
481 539
481 504
481 489
481 519
481 555
481 522
486 509
486 554
486 505
486 551
486 516
487 503
487 492
487 493
487 513
487 556
487 538
487 500
487 525
487 559
484 511
484 494
484 559
484 497
484 567
484 544
484 538
484 517
484 500
484 526
484 493
484 503
484 536
484 514
484 513
484 506
484 537
484 527
484 520
484 525
484 560
484 566
484 515
396 547
396 568
396 500
396 531
396 474
396 570
396 410
396 403
396 475
396 450
396 489
396 481
396 546
396 555
396 510
396 519
396 470
396 548
396 422
396 557
488 497
488 559
488 524
488 556
488 517
488 513
488 512
488 511
488 496
488 553
488 527
489 557
489 531
489 547
489 555
489 546
489 535
489 519
365 520
365 513
365 556
365 408
519 547
519 557
519 531
519 555
519 546
519 548
547 548
547 555
547 557
546 547
546 557
546 555
546 563
545 570
545 566
545 553
545 561
545 563
545 558
545 559
544 559
544 553
544 545
544 566
544 570
544 556
544 563
544 557
544 561
543 546
543 558
543 563
543 570
543 545
542 560
542 567
542 556
542 553
542 561
542 559
541 563
541 568
540 559
540 560
532 572
549 563
548 555
548 556
465 484
465 503
465 473
465 537
465 556
465 475
465 517
465 513
465 569
465 511
465 524
465 557
465 542
465 570
465 561
465 515
465 525
465 493
465 471
465 538
465 506
465 559
465 507
465 487
465 566
465 558
465 483
465 495
465 500
465 544
465 535
465 567
465 526
360 373
360 507
360 513
360 415
360 460
360 395
360 555
360 438
360 387
360 542
360 510
360 520
360 362
360 432
360 570
360 497
360 376
360 553
360 365
360 523
360 444
360 548
360 412
360 370
360 461
360 402
360 558
360 544
360 463
360 495
360 565
360 417
360 388
360 422
360 442
360 524
360 514
360 506
360 543
360 567
360 561
360 428
349 534
349 434
349 478
349 508
411 498
529 531
529 539
412 482
412 524
412 416
412 561
412 558
412 496
412 559
412 423
412 513
412 434
412 542
412 438
412 512
412 544
412 555
412 527
412 483
412 414
412 520
412 430
412 538
412 494
412 560
412 428
412 492
412 567
412 488
412 500
412 481
412 548
412 523
412 461
412 418
412 431
412 455
412 493
412 517
412 537
412 515
412 484
412 504
412 549
412 460
412 436
412 432
412 569
412 452
412 507
412 547
412 525
412 566
412 503
412 487
412 533
412 529
412 526
412 528
412 565
412 506
412 473
412 442
412 422
412 456
412 417
483 559
483 496
483 524
483 506
483 514
483 566
483 553
483 517
483 507
483 484
483 520
483 560
483 563
483 492
483 537
483 527
483 515
483 538
483 567
483 513
483 544
483 561
483 503
483 493
483 526
483 497
483 557
483 525
483 535
483 500
483 487
483 494
483 542
369 397
369 389
369 554
369 435
369 381
369 563
369 433
369 442
369 518
369 561
369 419
369 469
369 380
369 516
369 486
369 455
369 407
369 551
369 509
369 457
369 477
369 378
369 424
539 568
539 560
370 506
370 461
370 555
370 525
370 430
370 465
370 456
370 420
370 452
370 559
370 553
370 395
370 423
370 458
370 438
370 412
370 527
370 432
370 469
370 548
370 414
370 507
370 544
370 373
370 497
370 419
370 523
370 566
370 514
370 520
370 436
370 492
370 387
370 431
370 374
370 460
370 392
370 567
370 416
370 451
370 397
370 428
370 413
370 483
370 475
370 376
370 561
370 515
370 439
370 378
370 402
370 542
370 565
370 524
370 563
370 540
370 471
370 417
370 415
370 388
371 460
371 542
501 564
445 556
445 492
445 493
445 560
445 460
445 465
445 535
445 542
445 520
445 463
445 495
445 473
445 500
445 487
507 566
507 513
507 544
507 545
507 525
507 570
507 561
507 524
507 557
507 526
507 559
507 553
507 510
507 556
507 514
507 520
507 517
507 563
507 523
507 565
507 515
443 453
376 555
376 446
376 419
376 436
376 423
376 523
376 487
376 390
376 488
376 388
376 491
376 566
376 412
376 438
376 461
376 394
376 456
376 507
376 531
376 413
376 559
376 514
376 525
376 473
376 547
376 428
376 396
376 556
376 526
376 405
376 517
376 544
376 492
376 557
376 481
376 483
376 524
376 563
376 417
376 542
376 410
376 519
376 496
376 387
376 500
376 561
376 442
376 497
376 378
376 511
376 400
376 432
376 570
376 490
376 465
376 553
376 460
376 420
376 475
376 414
376 426
376 463
376 513
376 439
376 482
376 527
376 452
376 502
376 538
376 391
376 450
376 458
376 402
376 548
376 444
376 506
376 489
376 434
376 471
376 545
376 567
376 520
376 397
376 546
376 431
376 515
376 395
504 514
504 541
504 506
504 555
504 510
504 562
504 570
504 563
504 553
504 571
504 521
504 539
504 543
504 548
504 546
504 513
504 529
504 544
504 547
504 528
504 522
504 531
504 507
378 482
378 527
378 465
378 412
378 553
378 563
378 506
378 497
378 544
378 492
378 487
378 524
378 561
378 452
378 434
378 515
378 400
378 488
378 502
378 496
378 456
378 566
378 517
378 500
378 475
378 495
378 483
378 514
378 431
378 471
378 559
378 414
378 391
378 428
378 423
378 394
378 417
378 436
378 426
378 513
378 461
378 484
378 542
379 532
509 554
509 551
509 518
509 516
508 520
508 534
508 542
508 563
508 541
508 544
448 460
449 507
449 543
449 480
449 504
449 563
534 563
453 468
453 498
386 401
386 532
392 527
392 430
392 503
392 436
392 431
392 493
392 537
392 492
392 556
392 566
392 473
392 515
392 460
392 497
392 412
392 506
392 482
392 525
392 475
392 456
392 553
392 423
392 483
392 394
392 542
392 559
392 514
392 567
392 404
392 538
392 561
392 560
392 428
392 465
392 500
392 487
503 511
503 557
503 539
503 526
503 556
503 538
503 567
503 524
503 537
503 561
503 527
503 560
503 514
503 553
503 525
503 513
503 566
503 517
503 559
503 542
366 514
366 496
366 548
366 428
366 544
366 408
366 513
366 515
366 559
366 376
366 431
366 524
366 395
366 460
366 446
366 526
366 402
366 391
366 484
366 374
366 553
366 412
366 483
366 436
366 417
366 482
366 566
366 400
366 503
366 434
366 538
366 404
366 430
366 373
366 492
366 378
366 438
366 517
366 497
366 368
366 493
366 394
366 475
366 542
366 555
366 539
366 520
502 539
502 548
372 531
372 410
372 429
372 545
372 543
372 422
372 455
372 530
372 539
372 460
372 570
372 421
372 568
372 444
372 547
372 558
420 432
420 513
420 439
420 567
420 484
420 563
420 556
420 514
420 483
420 471
420 507
420 537
420 451
420 569
420 506
420 465
420 430
420 566
420 524
420 553
421 445
421 543
421 444
421 500
421 487
421 504
421 563
421 457
421 570
421 465
421 493
421 558
421 455
421 545
422 483
422 497
422 520
422 546
422 432
422 504
422 481
422 561
422 449
422 489
422 547
422 438
422 460
422 444
422 545
422 523
422 553
422 570
422 455
422 474
422 555
373 436
373 376
373 463
373 500
373 567
373 456
373 390
373 434
373 542
373 414
373 559
373 520
373 497
373 387
373 553
373 502
373 471
373 425
373 431
373 378
373 483
373 527
373 400
373 515
373 374
373 514
373 465
373 460
373 446
373 428
373 556
373 395
373 413
373 388
373 496
373 438
373 392
373 524
373 421
373 439
373 498
373 544
373 417
373 563
373 423
373 492
373 507
373 561
373 408
373 558
373 513
373 473
373 402
373 523
373 491
373 475
373 397
373 548
373 546
373 528
373 545
373 461
373 412
373 517
373 506
373 450
373 565
373 391
373 525
373 566
424 457
424 435
424 486
424 505
424 469
424 518
424 551
424 509
424 516
424 554
425 553
425 479
425 477
425 456
425 534
425 563
425 460
425 434
425 523
425 439
425 428
425 570
425 427
425 520
426 431
426 544
426 546
426 563
426 455
426 524
426 510
426 513
426 504
426 531
426 471
426 525
427 464
427 549
427 428
427 563
427 496
428 451
428 559
428 553
428 444
428 558
428 567
428 542
428 570
428 456
428 434
428 500
428 520
428 497
428 508
428 430
428 544
428 525
428 463
428 475
428 432
428 461
428 511
428 460
428 482
428 563
428 517
428 545
428 514
428 561
428 506
428 492
428 465
428 524
428 512
428 526
428 507
428 513
428 438
428 436
428 452
428 549
428 431
428 473
428 484
428 515
428 523
428 479
442 531
442 460
442 544
442 523
442 475
442 563
390 475
390 539
390 450
506 563
506 559
506 520
506 561
506 521
506 525
506 513
506 566
506 507
506 519
506 514
506 517
506 527
506 544
506 537
506 523
506 545
506 508
506 557
506 524
506 553
536 561
536 545
536 538
537 567
537 560
537 545
537 569
537 538
537 559
537 561
537 566
457 477
457 563
457 551
457 554
457 518
457 486
457 469
457 505
457 516
457 509
457 459
364 441
364 501
364 476
364 399
364 564
364 393
451 506
451 553
451 471
451 514
451 507
451 556
451 544
451 561
451 465
451 563
451 503
451 493
451 567
451 569
451 513
362 482
362 415
362 492
362 373
362 445
362 412
362 473
362 558
362 495
362 413
362 371
362 542
362 570
362 460
362 560
362 535
362 463
361 557
361 463
361 489
361 568
361 481
361 474
361 547
361 519
361 396
361 475
361 450
361 376
361 530
361 405
361 500
361 562
361 555
361 531
361 470
452 566
452 510
452 497
452 463
452 470
452 513
452 507
452 557
452 553
452 489
452 559
452 460
452 500
452 547
452 475
452 521
452 546
452 519
452 555
452 531
452 465
452 544
452 506
441 501
441 564
441 476
459 486
459 516
459 563
459 518
459 551
458 545
458 507
458 515
458 475
458 497
458 470
458 489
458 510
458 555
458 514
458 482
458 496
458 553
458 469
458 490
538 560
538 559
538 561
538 566
538 545
538 542
368 395
368 526
368 431
368 412
368 416
368 503
368 538
368 536
368 374
368 419
368 527
368 493
368 517
368 497
368 494
368 408
368 375
368 456
368 525
368 409
368 559
368 553
368 521
368 479
368 462
368 404
368 378
368 500
368 371
368 398
478 508
478 534
478 496
466 481
466 539
466 531
466 529
466 522
466 504
462 487
462 512
462 538
462 493
462 517
462 532
462 494
462 525
462 536
456 513
456 527
456 559
456 496
456 561
456 465
456 538
456 524
456 553
456 520
456 495
456 517
456 545
456 523
456 494
456 506
456 473
456 537
456 503
456 493
456 566
456 479
456 525
456 567
456 563
456 460
456 462
456 484
456 497
456 511
456 512
