758 781
758 783
758 827
758 808
758 809
758 836
758 814
758 787
758 849
758 793
758 817
759 828
759 766
769 856
769 798
769 800
769 811
769 828
769 774
768 839
768 816
768 786
768 789
768 833
768 822
763 804
763 797
763 849
763 770
763 803
763 820
763 787
763 836
762 805
762 810
762 814
762 799
762 827
762 781
762 842
799 813
799 835
799 845
799 814
760 829
760 830
760 827
760 800
760 794
760 814
760 828
760 784
760 781
760 824
760 820
760 842
760 805
760 823
760 766
760 834
767 796
767 768
767 822
767 839
766 771
766 810
766 847
766 824
766 820
766 823
766 849
766 853
766 805
766 784
766 827
766 828
766 800
766 780
766 834
766 830
766 815
766 826
765 779
765 780
765 835
765 856
765 843
765 807
765 792
765 823
764 783
764 781
764 807
764 787
764 843
764 805
764 809
764 823
764 827
764 817
764 824
764 838
764 793
764 797
764 779
764 828
727 824
727 845
727 828
727 854
727 846
727 805
727 849
727 756
727 752
727 766
727 847
727 853
727 784
727 770
727 830
727 848
727 800
727 842
726 752
726 754
726 812
726 784
726 805
726 830
726 778
726 821
726 853
726 844
726 773
726 760
726 815
726 834
726 731
726 751
726 766
726 823
726 781
726 828
726 820
726 845
726 745
726 824
726 780
725 806
725 771
725 732
725 839
725 818
724 766
724 834
724 827
724 777
724 736
724 828
724 794
724 778
724 821
724 853
724 826
724 795
724 823
724 731
724 745
724 726
724 848
724 754
724 784
724 773
724 734
724 742
724 760
724 830
724 814
724 829
724 805
724 781
724 819
724 738
724 752
724 820
724 786
724 842
724 824
723 828
723 824
723 745
723 766
723 727
723 734
723 770
723 826
723 830
723 849
722 829
722 745
722 737
722 768
722 820
722 738
722 853
722 784
721 848
721 736
720 745
720 832
720 793
720 808
720 764
720 781
720 739
720 730
720 803
720 787
720 790
720 755
720 809
720 774
729 856
729 804
729 753
728 764
728 838
728 797
728 820
728 807
728 781
728 739
728 787
728 817
728 747
728 824
728 779
728 835
728 843
728 737
728 803
728 741
728 828
728 783
728 856
728 759
728 809
728 805
728 823
728 765
728 774
728 780
728 773
728 754
728 819
728 792
728 730
852 855
819 828
819 830
819 835
819 823
819 840
819 856
819 827
819 834
819 838
819 824
819 848
818 839
818 822
815 838
815 837
815 853
815 824
815 819
815 823
815 847
815 828
815 856
815 830
815 835
815 834
815 845
814 828
814 829
814 827
814 853
814 842
814 834
817 850
817 828
817 819
817 827
817 830
816 833
816 850
811 856
810 834
810 853
810 842
810 847
810 856
810 814
810 823
810 827
810 828
810 815
813 833
812 824
812 828
812 837
812 815
788 806
792 838
792 803
792 805
792 819
792 837
792 823
792 835
792 830
792 850
792 828
792 824
792 807
792 815
793 809
793 850
793 849
793 817
793 797
793 808
793 836
790 832
791 822
791 796
791 806
791 818
796 822
796 818
796 829
796 806
797 827
797 817
797 828
797 831
797 849
797 820
797 808
797 809
794 795
794 842
795 820
795 829
795 842
795 813
795 853
756 805
756 826
756 847
756 827
757 775
798 855
798 852
755 809
755 793
755 814
755 787
755 836
755 797
755 781
755 845
755 808
755 758
755 827
755 849
755 783
752 805
752 842
752 759
752 800
752 831
752 830
752 820
752 827
752 766
752 781
752 823
752 824
752 784
752 853
752 810
752 773
752 847
752 828
752 774
752 829
752 834
752 815
753 856
753 769
753 823
753 819
750 770
751 830
751 842
751 828
751 784
751 795
744 848
718 797
718 764
718 828
718 805
718 770
718 793
718 815
718 745
718 747
718 817
718 834
718 748
718 827
718 823
718 781
718 809
718 720
718 762
718 758
718 719
718 730
718 787
718 814
718 803
719 724
719 733
719 726
719 842
719 787
719 824
719 823
719 720
719 814
719 772
719 728
719 764
719 759
719 827
719 840
719 815
719 722
719 849
719 853
719 747
719 810
719 847
719 727
719 820
719 737
719 848
719 830
719 805
719 799
719 773
719 794
719 817
719 774
719 829
719 745
719 752
719 819
719 845
719 784
719 766
719 781
719 756
719 768
719 731
719 834
719 828
719 755
719 760
719 734
719 762
719 800
732 789
732 818
732 791
732 839
732 788
732 806
732 822
732 802
732 771
712 767
712 714
712 736
712 789
712 816
712 742
712 768
712 839
712 822
712 782
713 818
713 787
713 780
713 736
713 778
713 814
713 734
713 830
713 751
713 772
713 745
713 845
713 748
713 819
713 774
713 810
713 766
713 742
713 816
713 817
713 833
713 777
713 840
713 827
713 834
713 762
713 782
713 831
713 848
713 760
713 784
713 828
713 746
713 721
713 781
713 719
713 844
713 829
713 813
713 747
713 731
713 853
713 842
713 794
713 722
713 726
713 815
713 823
713 805
713 850
713 824
713 752
713 724
713 738
713 773
713 800
713 851
713 847
710 810
710 805
710 853
710 847
710 803
710 711
733 839
733 782
733 829
733 786
733 768
733 795
716 741
716 747
716 728
716 795
716 820
716 849
716 763
716 718
716 797
716 799
716 770
717 852
717 798
717 855
714 771
714 789
714 818
714 839
714 822
714 725
714 806
714 732
714 767
715 745
715 738
715 805
715 842
715 814
715 827
715 781
715 834
824 830
824 826
824 834
824 840
824 828
824 848
824 844
824 842
824 837
824 847
824 843
824 838
824 835
824 853
824 829
824 827
824 849
825 856
826 842
826 828
826 830
827 830
827 849
827 853
827 834
827 842
827 828
820 853
820 831
820 828
820 830
820 845
820 824
820 834
820 848
820 823
820 849
821 836
822 839
822 850
822 829
823 830
823 828
823 827
823 848
823 840
823 853
823 843
823 835
823 824
823 838
823 834
823 856
828 856
828 837
828 844
828 846
828 845
828 830
828 842
828 847
828 851
828 853
828 840
828 834
828 849
828 829
828 835
828 838
828 848
829 834
829 847
829 842
829 853
711 722
711 829
711 752
711 784
711 847
711 724
711 745
711 738
711 727
711 766
711 828
711 810
711 853
711 842
711 795
688 774
688 828
688 824
688 792
688 695
688 819
688 840
688 815
688 723
688 756
688 777
688 770
688 747
688 694
688 771
688 853
688 751
688 697
688 834
688 766
688 713
688 696
688 719
688 739
688 734
688 780
688 830
688 856
688 772
688 823
688 849
688 821
688 726
688 752
688 805
688 845
688 740
688 727
688 724
688 800
688 754
688 847
688 701
689 712
689 702
689 714
689 732
689 839
689 771
689 789
738 760
738 745
738 842
738 794
738 752
738 781
738 826
738 784
738 813
738 805
738 751
738 829
738 774
738 795
738 853
687 823
687 838
687 828
687 730
687 718
687 797
687 805
687 779
687 783
687 688
687 764
687 765
687 759
687 830
687 856
687 703
687 739
687 817
687 780
687 774
687 777
687 807
687 747
687 820
687 819
687 697
687 728
785 846
784 853
784 829
784 795
784 827
784 800
784 854
784 828
784 810
784 826
784 824
784 813
784 834
784 842
784 794
787 793
787 827
787 817
787 809
787 823
787 836
787 808
787 814
787 803
787 797
787 849
786 813
786 829
786 833
781 787
781 849
781 853
781 829
781 809
781 817
781 815
781 794
781 836
781 814
781 800
781 793
781 810
781 823
781 827
781 842
781 824
781 830
781 828
781 784
781 783
781 805
781 834
780 815
780 840
780 834
780 805
780 828
780 845
780 830
780 824
780 835
780 792
780 819
780 803
780 838
780 823
783 809
783 820
783 817
783 827
783 797
783 787
783 849
783 793
782 813
782 804
782 833
782 829
782 786
789 818
789 839
789 833
789 806
761 848
761 805
761 800
761 842
761 827
761 772
741 827
741 820
741 747
741 770
741 800
741 835
741 781
741 763
741 828
741 823
741 807
741 836
740 748
740 841
740 831
740 817
740 770
743 782
743 833
742 746
742 759
742 829
742 786
742 768
742 789
745 790
745 787
745 800
745 817
745 762
745 758
745 853
745 774
745 751
745 795
745 784
745 834
745 760
745 823
745 814
745 799
745 820
745 842
745 781
745 830
745 794
745 824
745 810
745 815
745 805
745 747
745 813
745 827
745 829
745 752
745 773
745 847
745 828
745 755
745 845
708 823
708 819
708 724
708 800
708 811
708 769
708 781
708 753
708 719
708 774
708 824
708 849
708 713
708 840
708 755
708 827
708 747
708 760
708 856
708 814
708 730
708 828
708 797
747 848
747 838
747 820
747 856
747 783
747 765
747 797
747 840
747 748
747 837
747 758
747 752
747 807
747 793
747 831
747 828
747 819
747 810
747 809
747 804
747 803
747 763
747 770
747 805
747 780
747 764
747 815
747 773
747 753
747 754
747 792
747 800
747 823
747 774
747 769
747 830
747 849
746 816
746 833
746 782
705 834
705 799
705 759
705 781
705 764
705 823
705 830
705 770
705 824
705 809
705 831
705 763
705 803
705 739
705 820
705 728
705 738
705 762
705 719
705 724
705 761
705 814
705 752
705 745
705 844
705 722
705 845
705 713
705 760
705 718
705 784
705 737
705 853
705 810
705 847
705 836
705 827
705 842
705 720
705 715
705 800
705 731
705 755
705 726
705 772
705 828
705 747
705 843
705 819
705 741
705 706
705 808
705 773
705 758
705 754
705 780
705 835
705 849
705 805
705 748
705 787
705 778
705 807
705 829
748 787
748 793
748 797
748 779
748 849
748 817
748 758
748 830
748 831
748 764
748 770
707 767
707 714
707 712
707 742
707 768
707 833
707 816
707 746
707 736
706 731
706 752
706 719
706 834
706 784
706 815
706 773
706 847
706 713
706 828
706 853
706 745
706 810
706 805
701 774
701 747
701 842
701 830
701 845
701 794
701 780
701 726
701 754
701 834
701 777
701 713
701 724
701 821
701 760
701 781
701 778
700 745
700 784
700 795
700 794
700 815
703 792
703 728
703 838
703 817
703 781
703 739
703 843
703 856
703 759
703 827
703 719
703 797
703 805
703 779
703 705
703 793
703 823
703 718
703 809
703 820
703 754
703 741
703 824
703 845
703 831
703 709
703 758
703 828
703 819
703 815
703 807
703 764
703 730
703 748
703 765
703 787
703 835
703 747
702 732
702 789
702 839
702 725
702 714
702 822
837 840
836 853
835 838
835 837
834 844
834 853
834 842
834 847
831 853
830 834
830 856
830 847
830 853
830 849
830 844
830 840
830 846
830 838
830 845
838 840
838 856
709 823
709 828
709 835
709 739
709 754
709 843
709 830
709 838
709 777
709 819
709 805
709 840
709 824
709 848
754 773
754 848
754 792
754 779
754 840
754 821
754 824
754 835
754 838
754 823
754 830
754 815
754 780
754 828
754 777
754 805
699 833
698 828
698 798
698 774
698 776
698 753
698 810
698 745
698 840
698 856
698 800
698 772
698 811
698 823
698 713
698 719
698 819
698 803
698 769
698 703
698 825
698 804
698 747
698 729
697 849
697 701
697 705
697 828
697 772
697 834
697 766
697 726
697 708
697 848
697 820
697 731
697 780
697 830
697 800
697 698
697 724
697 819
697 719
697 721
697 818
697 823
697 781
697 815
697 805
697 777
697 760
697 713
697 765
697 769
697 840
697 748
697 827
697 745
697 709
697 835
697 727
697 824
697 844
697 842
697 753
697 856
697 754
697 747
696 834
696 713
696 824
696 747
696 711
696 774
696 738
696 795
696 727
696 780
696 745
696 778
696 829
696 845
696 830
696 842
696 853
696 823
696 724
696 828
696 840
696 697
696 805
696 719
696 739
696 773
696 784
695 706
695 784
695 760
695 738
695 700
695 840
695 751
695 696
695 754
695 781
695 766
695 745
695 719
695 830
695 718
695 778
695 780
695 834
695 726
695 847
695 734
695 824
695 829
695 810
695 777
695 815
695 697
695 701
695 805
695 842
695 853
695 713
695 724
695 794
695 752
695 844
695 711
694 774
694 697
694 834
694 696
694 853
694 738
694 820
694 726
694 711
694 773
694 805
694 848
694 706
694 830
694 810
694 752
694 756
694 828
694 798
694 827
694 823
694 829
694 722
694 731
694 847
694 800
694 703
694 760
694 780
694 695
694 724
694 772
694 821
694 824
694 727
694 754
694 713
694 845
694 784
694 745
694 842
694 719
694 831
694 815
694 766
694 812
694 710
694 781
694 737
694 795
694 705
693 726
693 844
693 823
693 713
693 695
693 828
693 837
693 705
693 824
693 697
693 778
693 834
693 734
691 833
691 782
691 771
691 746
691 822
690 784
690 713
690 731
690 820
690 853
690 831
690 773
690 694
778 844
778 828
778 812
778 830
778 834
778 819
779 792
779 828
779 835
779 807
779 780
779 838
779 824
779 840
779 823
770 824
770 849
770 781
770 777
770 820
770 828
770 803
770 783
770 845
770 772
770 799
770 797
771 802
771 791
771 818
771 850
771 789
771 806
771 839
772 800
772 814
772 828
772 827
772 781
772 845
772 856
772 805
773 853
773 834
773 829
773 815
773 831
773 820
773 847
773 828
773 780
773 821
773 810
773 774
773 836
773 781
773 823
773 784
773 824
773 827
773 842
774 856
774 843
774 811
774 823
774 824
774 805
774 784
774 820
774 800
774 828
774 819
774 810
774 807
774 853
774 840
774 830
777 824
777 779
777 830
777 829
777 780
734 756
734 770
734 805
734 847
734 853
734 778
734 785
734 846
734 829
734 849
734 760
734 842
734 766
734 784
734 803
735 800
735 819
735 856
735 769
736 816
736 788
736 782
736 833
736 850
736 742
736 818
736 746
737 805
737 745
737 773
737 824
737 837
737 815
737 820
737 830
737 828
737 843
730 747
730 803
730 763
730 764
730 797
730 787
730 783
730 849
731 752
731 827
731 784
731 830
731 847
731 781
731 853
731 774
731 805
731 810
731 745
731 766
731 834
731 828
731 773
731 815
847 853
844 848
845 849
842 853
739 819
739 740
739 764
739 747
739 840
739 828
739 793
739 807
739 758
739 787
739 757
739 777
739 805
739 823
739 792
739 797
739 780
739 754
739 774
739 824
840 856
840 848
749 757
808 809
809 817
809 827
704 777
704 770
704 848
704 799
802 818
802 806
803 840
803 832
803 820
803 837
800 823
800 842
800 856
800 805
800 851
800 853
800 827
800 814
800 810
800 845
800 828
800 834
800 830
800 811
806 818
806 822
806 839
806 850
806 833
807 843
807 828
807 838
807 819
807 856
807 823
804 856
804 849
805 807
805 829
805 818
805 823
805 834
805 840
805 842
805 824
805 853
805 817
805 827
805 810
805 828
805 844
805 814
805 838
805 819
805 843
805 847
805 837
805 831
805 815
